function [J,f] = jacobifunk(X)
x = X(1); y = X(2);
f = [12.0+313*y-1466*y^2+7.69*x-126*x*y+878*x*y^2-2.42*x^2+34.1*x^2*y-213*x^2*y^2-34
     104.7*x*y - 40];
J = [ 68.2 *x*y -  126.0 *y -  4.84 *x -  426.0 *x*y^2 +  878.0 *y^2 +  7.69 ,  1756.0 *x*y -  2932.0 *y -  126.0 *x -  426.0 *x^2*y +  34.1 *x^2 +  313.0 
     104.7 *y,  104.7 *x];

% function [J,f] = jacobifunk(X)
% x = X(1); y = X(2);
% f = [12.0+313*y-1466*y^2+7.69*x-126*x*y+878*x*y^2-2.42*x^2+34.1*x^2*y-213*x^2*y^2-34
%      104.7*x*y - 40];
% J = [ 68.2 *x*y -  126.0 *y -  4.84 *x -  426.0 *x*y^2 +  878.0 *y^2 +  7.69 ,  1756.0 *x*y -  2932.0 *y -  126.0 *x -  426.0 *x^2*y +  34.1 *x^2 +  313.0 
%      104.7 *y,  104.7 *x];