a = [ 1.6   2.7   4.7   4.5   0.8  -3.4  -4.6  -2.4   1.7   7.5  11.7  10.2 ...
      2.8  -3.0  -1.5   4.5   6.2   0.1  -7.4  -7.3   0.7   8.3   6.4  -0.8 ...
     -2.3   3.1   5.4  -1.3  -8.9  -7.7   0.9   7.0   3.9  -4.5  -8.0  -2.6 ...
      3.2   1.4  -6.3 -11.7  -9.2   0.0   7.2   3.9  -7.0 -12.4  -5.4   4.8 ...
      5.8  -1.9  -8.6  -9.1  -5.0   0.2   2.1  -1.3  -6.8  -7.9  -3.2   2.5 ...
      4.7   2.3  -2.7  -6.0  -5.0  -1.4   1.6   2.4   0.6  -2.3  -2.1   1.7 ...
      4.2   1.2  -3.2  -3.3   0.7   3.7   1.9  -3.2  -5.9  -2.9   1.7   2.0 ...
     -0.7  -2.6  -2.6  -1.3   1.0   2.3   1.1  -0.4  -0.1   0.4   0.4   0.6 ...
      0.3  -1.1   0.4   4.9   7.3   2.5  -4.8  -5.2   1.4   6.2   4.9   2.4 ...
      2.3   4.4   6.7   7.6   5.4   0.7  -3.9  -4.7  -1.2   2.3   3.6   4.6];