% q values (in l/min) 
q = [3 5 7 9 11];

% p values (in MPa) for each curve
p_PA = [0.4 0.8 1.2 2.0 2.4];   % Curve P → A
p_AT = [0.35 0.7 1.0 1.6 2.0];  % Curve A → T
p_PB = [0.3 0.6 1.0 1.4 1.8];   % Curve P → B
p_BT = [0.25 0.5 0.9 1.2 1.6];  % Curve B → T
p_PT = [0.2 0.45 0.75 1.0 1.4]; % Curve P → T

[-1e-08, 2.2e-08, 2.8e-08, 3.4e-08;
    -9e-06, .00015, .0002, .00024;
    -.00036, .00063, .00081, .00096;
    -.00054, .00094, .0012, .0014;
    -.00091, .0016, .002, .0024]