afstande = [152 190 199  74 140 152 242 245 187
            103 137 145 102 112 101 240 221 192
             21  40  55 170  94  80 235 177 208
            138 188 207  71  66 210 111 129  62
             82 129 144  81  62 129 189 171 145
             82  91 111 211  99 174 192 105 191
            226 273 294 158 151 311  36 128  43
            165 205 227 167 100 261  57  45  77
            127 157 179 188  86 226 117  31 128];