lgd = [10.8086 10.9961 11.1300 11.2429 11.7808 12.1242 12.2231 12.2897 12.5993 12.7380 14.1194 14.7380]; % Længdegrad øst (decimalgrader) 
brd = [54.6616 54.5881 54.5794 54.5541 54.3979 54.4002 54.4525 54.5797 54.7128 54.7489 55.0114 55.3174]; % Breddegrad nord (decimalgrader)