% Tidevandsværdier for Aarhus (i cm +/-)
% Værdier for hver 3. time i perioden fra 01-01-2023 00:00 til 30-01-2023 21:00
y = [ -25.6 -15.2  17.6  11.1 -16.4  -8.3  23.5  17.5 -19.2 -23.6   8.8  17.1 -10.1 -15.5  14.6  24.7  -7.2 -25.2  -2.7  17.9  -1.3 -18.3   3.5  26.0   4.9 -22.2 -11.1  15.4   5.1 -17.8  -4.7  22.6  12.4 -16.7 -13.6  11.0   7.6 -14.7  -8.8  15.8  15.3 -10.0 -12.4   6.1   8.4 -10.1 -11.2   8.2  16.2  -3.9 -11.3   2.5  10.1  -5.8 -13.7   2.2  16.3   0.2 -11.8   0.8  12.6  -2.5 -15.6  -1.8  15.2   3.0 -12.4  -0.2  14.2   0.8 -15.6  -5.0  12.2   5.7 -11.7  -2.5  13.6   5.3 -12.9  -8.7   7.3   9.2  -8.8  -6.6  10.4  11.0  -7.9 -13.0   1.2  12.6  -3.5 -11.6   4.9  16.7  -0.8 -16.8  -5.6  14.5   3.3 -15.2  -2.0  19.9   7.1 -17.7 -12.1  12.6  10.2 -14.7  -9.1  18.0  15.0 -13.4 -17.8   5.8  15.9  -8.6 -15.4  10.4  21.6  -3.7 -22.1  -4.5  19.0   1.3 -19.6  -0.3  25.3   8.1 -23.1 -14.6  17.8  10.8 -19.7 -10.2  23.8  18.3 -18.6 -21.3  11.4  17.3 -14.7 -17.6  16.6  25.1  -9.2 -24.5   2.1  20.5  -6.7 -22.4   6.9  28.2   1.5 -24.9  -5.6  20.8   0.5 -24.5  -1.5  27.0   9.9 -21.9  -9.7  18.0   6.0 -22.8  -8.6  21.2  16.0 -15.5 -12.7  13.0  11.9 -17.6 -16.4  13.0  21.2  -7.8 -16.7   8.0  18.8 -11.0 -24.0   4.8  23.9  -0.9 -19.7   3.9  22.9  -3.3 -26.5  -3.2  20.3   5.6 -17.4  -1.4  20.4   6.5 -20.5 -12.2   9.9  12.3  -9.1  -8.8  11.8  17.1  -7.9 -20.2  -3.3  16.3   1.4 -14.7   1.1  23.0   6.2 -21.7 -14.3  13.1  10.0 -13.6  -8.3  19.4  17.6 -13.2 -20.8   2.0  14.8  -4.9 -14.6   7.6  24.0   1.8 -22.0 -11.5  14.9   6.1 -16.5  -5.8  23.5  16.0];